0 0	62
0 1	-83
0 10	-60
0 11	52
0 12	20
0 13	2
0 14	-67
0 15	8
0 16	-9
0 17	88
0 18	-100
0 19	0
0 2	-36
0 3	1
0 4	-60
0 5	53
0 6	29
0 7	-129
0 8	34
0 9	30
1 0	23
1 1	56
1 10	-18
1 11	72
1 12	94
1 13	37
1 14	-80
1 15	20
1 16	-68
1 17	-60
1 18	27
1 19	23
1 2	78
1 3	140
1 4	-70
1 5	-14
1 6	95
1 7	-113
1 8	77
1 9	10
10 0	12
10 1	70
10 10	-104
10 11	110
10 12	9
10 13	167
10 14	43
10 15	-49
10 16	-27
10 17	31
10 18	-40
10 19	-31
10 2	217
10 3	-51
10 4	52
10 5	-16
10 6	-216
10 7	45
10 8	184
10 9	-4
11 0	79
11 1	52
11 10	64
11 11	50
11 12	25
11 13	48
11 14	-18
11 15	27
11 16	-105
11 17	-6
11 18	33
11 19	-60
11 2	194
11 3	28
11 4	107
11 5	-118
11 6	-220
11 7	170
11 8	-45
11 9	-26
12 0	-89
12 1	26
12 10	67
12 11	38
12 12	34
12 13	42
12 14	55
12 15	40
12 16	-35
12 17	-100
12 18	1
12 19	-48
12 2	-42
12 3	43
12 4	67
12 5	-22
12 6	-143
12 7	-84
12 8	-64
12 9	-12
13 0	-126
13 1	39
13 10	84
13 11	133
13 12	-30
13 13	22
13 14	-43
13 15	71
13 16	30
13 17	-342
13 18	-40
13 19	-18
13 2	-41
13 3	-25
13 4	15
13 5	61
13 6	-6
13 7	-56
13 8	79
13 9	-116
14 0	0
14 1	-14
14 10	41
14 11	54
14 12	-2
14 13	45
14 14	-94
14 15	-23
14 16	7
14 17	-99
14 18	-16
14 2	61
14 4	-43
14 5	-4
14 6	-63
14 7	-13
14 8	-23
14 9	-11
15 0	-31
15 1	-11
15 10	-59
15 11	114
15 12	-39
15 13	-44
15 14	-4
15 15	16
15 16	65
15 17	-4
15 18	-165
15 19	-99
15 2	-123
15 3	-87
15 4	-86
15 5	69
15 6	211
15 7	-199
15 8	145
15 9	-95
16 0	182
16 1	-153
16 10	33
16 11	37
16 12	60
16 13	9
16 14	115
16 15	-74
16 16	-108
16 17	138
16 18	-100
16 19	-152
16 2	-172
16 3	72
16 4	-125
16 5	-102
16 6	-32
16 7	-21
16 8	-98
16 9	-97
17 0	-25
17 1	51
17 10	-33
17 11	27
17 12	-19
17 13	156
17 14	-113
17 15	-55
17 16	-70
17 17	0
17 18	12
17 19	111
17 2	-4
17 3	105
17 4	-108
17 5	13
17 6	-100
17 7	106
17 8	-6
17 9	-28
18 0	175
18 1	-74
18 10	66
18 11	75
18 12	3
18 13	-105
18 14	-168
18 15	157
18 16	73
18 17	-77
18 18	-119
18 19	-79
18 2	1
18 3	35
18 4	-28
18 5	70
18 6	209
18 7	-295
18 8	43
18 9	-46
19 0	-108
19 1	38
19 10	-20
19 12	-57
19 13	3
19 14	7
19 15	19
19 16	47
19 17	-47
19 18	65
19 19	55
19 2	45
19 3	-57
19 4	72
19 5	33
19 6	25
19 7	20
19 8	9
19 9	49
2 0	1
2 1	-2
2 10	192
2 11	-20
2 12	-132
2 13	26
2 14	-38
2 15	9
2 16	96
2 17	-162
2 18	77
2 19	88
2 2	203
2 3	13
2 4	135
2 5	67
2 6	-66
2 7	1
2 8	-77
2 9	-94
3 0	-113
3 1	35
3 10	21
3 11	-24
3 12	-18
3 13	17
3 14	84
3 15	85
3 16	109
3 17	-202
3 18	16
3 19	-3
3 2	-108
3 3	-57
3 4	35
3 5	-17
3 6	0
3 7	-60
3 8	10
3 9	-48
4 0	34
4 1	-147
4 10	15
4 11	-160
4 12	-15
4 13	61
4 14	35
4 15	-7
4 16	213
4 17	-87
4 18	140
4 19	168
4 2	-18
4 3	63
4 4	-138
4 5	-29
4 6	62
4 7	50
4 8	-38
4 9	-10
5 0	-161
5 1	12
5 10	160
5 11	-9
5 12	-51
5 13	-37
5 14	93
5 15	-41
5 16	23
5 17	-42
5 18	-83
5 19	-54
5 2	-43
5 3	34
5 4	-57
5 5	-22
5 6	154
5 7	-178
5 8	-288
5 9	51
6 0	-17
6 1	-146
6 10	-33
6 11	62
6 12	24
6 13	12
6 14	187
6 16	24
6 17	76
6 18	9
6 19	-68
6 2	-50
6 3	-35
6 4	-50
6 5	-132
6 6	123
6 7	-138
6 8	-54
6 9	21
7 0	65
7 1	-75
7 10	35
7 11	-45
7 12	15
7 13	-46
7 14	36
7 15	40
7 16	-60
7 17	33
7 18	48
7 19	43
7 2	-60
7 3	48
7 4	57
7 5	13
7 6	-4
7 7	-32
7 8	-82
7 9	37
8 0	-49
8 1	47
8 10	66
8 11	-25
8 12	0
8 13	-50
8 14	-75
8 15	49
8 16	-17
8 17	-211
8 18	-6
8 19	23
8 2	78
8 3	141
8 4	69
8 5	134
8 6	33
8 7	-93
8 8	29
8 9	-87
9 0	36
9 1	-141
9 10	42
9 11	-98
9 12	22
9 13	-108
9 14	180
9 15	-42
9 16	-59
9 17	63
9 18	102
9 19	-8
9 2	-107
9 3	114
9 4	0
9 5	38
9 6	188
9 7	-74
9 8	-62
9 9	-87